Test Evaluation: 
F1-score: 0.9636096141497396
OOV: 0.8052930056710775
F1-score: 0.9645672006263107
OOV: 0.7928166351606806
F1-score: 0.9672003250711093
OOV: 0.8122873345935728
F1-score: 0.9665130443609786
OOV: 0.7916824196597354